#+++++++++++++++++++++++++++++
# 拓展的 abz5
# 数据顺序：加工序号 加工时间 能源需求...... 截止时间
#+++++++++++++++++++++++++++++
10 10
4 88 880 8 68 680 6 94 940 5 99 990 1 67 670 2 89 890 9 77 770 7 99 990 0 86 860 3 92 1400
5 72 720 3 50 500 6 69 690 4 75 750 2 94 940 8 66 660 0 92 920 1 82 820 7 94 940 9 63 1400
9 83 830 8 61 610 0 83 830 1 65 650 6 64 640 5 85 850 7 78 780 4 85 850 2 55 550 3 77 1400
7 94 940 2 68 680 1 61 610 4 99 990 3 54 540 6 75 750 5 66 660 0 76 760 9 63 630 8 67 1400
3 69 690 4 88 880 9 82 820 8 95 950 0 99 990 2 67 670 6 95 950 5 68 680 7 67 670 1 86 1400
1 99 990 4 81 810 5 64 640 6 66 660 8 80 800 2 80 800 7 69 690 9 62 620 3 79 790 0 88 1400
7 50 500 1 86 860 4 97 970 3 96 960 0 95 950 8 97 970 2 66 660 5 99 990 6 52 520 9 71 1400
4 98 980 6 73 730 3 82 820 2 51 510 1 71 710 5 94 940 7 85 850 0 62 620 8 95 950 9 79 1400
0 94 940 6 71 710 3 81 810 7 85 850 1 66 660 2 90 900 4 76 760 5 58 580 8 93 930 9 97 1400
3 50 500 0 59 590 1 82 820 8 67 670 7 56 560 9 96 960 6 58 580 4 81 810 5 59 590 2 96 1400
