#+++++++++++++++++++++++++++++
# 拓展的 abz6
# 数据顺序：加工序号 加工时间 能源需求...... 截止时间
#+++++++++++++++++++++++++++++
7 62 620 8 24 240 5 25 250 3 84 840 4 47 470 6 38 380 2 82 820 0 93 930 9 24 240 1 66 1000
5 47 470 2 97 970 8 92 920 9 22 220 1 93 930 4 29 290 7 56 560 3 80 800 0 78 780 6 67 1000
1 45 450 7 46 460 6 22 220 2 26 260 9 38 380 0 69 690 4 40 400 3 33 330 8 75 750 5 96 1000
4 85 850 8 76 760 5 68 680 9 88 880 3 36 360 6 75 750 2 56 560 1 35 350 0 77 770 7 85 1000
8 60 600 9 20 200 7 25 250 3 63 630 4 81 810 0 52 520 1 30 300 5 98 980 6 54 540 2 86 1000
3 87 870 9 73 730 5 51 510 2 95 950 4 65 650 1 86 860 6 22 220 8 58 580 0 80 800 7 65 1000
5 81 810 2 53 530 7 57 570 6 71 710 9 81 810 0 43 430 4 26 260 8 54 540 3 58 580 1 69 1000
4 20 200 6 86 860 5 21 210 8 79 790 9 62 620 2 34 340 0 27 270 1 81 810 7 30 300 3 46 1000
9 68 680 6 66 660 5 98 980 8 86 860 7 66 660 0 56 560 3 82 820 1 95 950 4 47 470 2 78 1000
0 30 300 3 50 500 7 34 340 2 58 580 1 77 770 5 34 340 8 84 840 4 40 400 9 46 460 6 44 1000
