#+++++++++++++++++++++++++++++
# 拓展的 la11
# 数据顺序：加工序号 加工时间 能源需求...... 截止时间
#+++++++++++++++++++++++++++++
20 5
2 34 340 1 21 210 0 53 530 3 55 550 4 95 950 1400
0 21 210 3 52 520 1 71 710 4 16 160 2 26 260 1400
0 12 120 1 42 420 2 31 310 4 98 980 3 39 390 1400
2 66 660 3 77 770 4 79 790 0 55 550 1 77 770 1400
0 83 830 4 37 370 3 34 340 1 19 190 2 64 640 1400
4 79 790 2 43 430 0 92 920 3 62 620 1 54 540 1400
0 93 930 4 77 770 2 87 870 1 87 870 3 69 690 1400
4 83 830 3 24 240 1 41 410 2 38 380 0 60 600 1400
4 25 250 1 49 490 0 44 440 2 98 980 3 17 170 1400
0 96 960 1 75 750 2 43 430 4 77 770 3 79 790 1400
0 95 950 3 76 760 1   7   70 4 28 280 2 35 350 1400
4 10 100 2 95 950 0 61 610 1   9   90 3 35 350 1400
1 91 910 2 59 590 4 59 590 0 46 460 3 16 160 1400
2 27 270 1 52 520 4 43 430 0 28 280 3 50 500 1400
4 9     90 0 87 870 3 41 410 2 39 390 1 45 450 1400
1 54 540 0 20 200 4 43 430 3 14 140 2 71 710 1400
4 33 330 1 28 280 3 26 260 0 78 780 2 37 370 1400
1 89 890 0 33 330 2  8    80 3 66 660 4 42 420 1400
4 84 840 0 69 690 2 94 940 1 74 740 3 27 270 1400
4 81 810 2 45 450 1 78 780 3 69 690 0 96 960 1400

