#+++++++++++++++++++++++++++++
# 拓展的 la12
# 数据顺序：加工序号 加工时间 能源需求...... 截止时间
#+++++++++++++++++++++++++++++
20 5
1 23 230 0 82 820 4 84 840 2 45 450 3 38 380 1300
3 50 500 4 41 410 1 29 290 0 18 180 2 21 210 1300
4 16 160 3 54 540 1 52 520 2 38 380 0 52 520 1300
1 62 620 3 57 570 4 37 370 2 74 740 0 54 540 1300
3 68 680 1 61 610 2 30 300 0 81 810 4 57 570 1300
1 89 890 2 89 890 3 11 110 0 79 790 4 81 810 1300
1 66 660 0 91 910 3 33 330 4 20 200 2 20 200 1300
3  8    80 4 24 240 2 55 550 0 32 320 1 84 840 1300
0  7    70 2 64 640 1 39 390 4 56 560 3 54 540 1300
0 19 190 4 40 400 3   7   70 2  8    80 1 83 830 1300
0 63 630 2 64 640 3 91 910 4 40 400  1  6   60 1300
1 42 420 3 61 610 4 15 150 2 98 980 0 74 740 1300
1 80 800 0 26 260 3 75 750 4  6   60 2 87 870 1300
2 39 390 4 22 220 0 75 750 3 24 240 1 44 440 1300
1 15 150 3 79 790 4  8    80 0 12 120 2 20 200 1300
3 26 260 2 43 430 0 80 800 4 22 220 1 61 610 1300
2 62 620 1 36 360 0 63 630 3 96 960 4 40 400 1300
1 33 330 3 18 180 0 22 220 4  5   50 2 10 100 1300
2 64 640 4 64 640 0 89 890 1 96 960 3 95 950 1300
2 18 180 4 23 230 3 15 150 1 38 380 0  8    80 1300
